0,0.07784537
0,0.05958859
0,0.0578
0,0.07784537
0.06999999,0.1052196
0.21,0.116579
0.38,0.10115
0.55,0.0578
0.73,0.04570758
0.9,0.07368868
1.08,0.05958859
1.26,0.06465817
1.44,0.06465817
1.62,0.116579
1.79,0.1052196
1.97,0.09141514
2.15,0.1616453
2.32,0.05958859
2.49,0.3495136
2.66,0.0289
2.84,0.0289
3.02,0.04092738
3.2,0.03232909
3.38,0.01445
3.55,0.01449
3.73,0.04335
3.91,0.04335
4.09,0.0289
4.26,0.05958859
4.43,0.1165046
4.6,0.0578
4.78,0.0879025
4.95,0.07368868
5.13,0.221066
5.31,0.06465817
5.49,0.24565
5.77,0.2637074
6.09,0.3048306
6.44,0.4483372
6.81,0.5637362
7.21,0.4138348
7.63,0.07368868
8.139999,0.1811728
8.719999,0.2561109
9.37,0.0879025
10.02,0.1191772
10.67,0.1023184
11.33,0.1932937
11.99,0.03232909
12.64,0.09262514
13.3,0.09262514
13.96,0.1052196
14.61,0.136427
15.27,0.1156
15.93,0.3300383
16.58,0.4052208
17.24,0.5616277
17.9,0.4143085
18.55,0.4726551
19.21,0.7892948
19.87,0.3613278
20.53,0.4516838
21.18,0.5188633
21.85,0.4849326
22.5,0.4966127
23.16,0.831765
23.82,0.7697046
24.47,0.523915
25.13,0.7246784
25.79,0.5470708
26.45,0.563173
27.1,0.5484879
27.76,0.4644386
28.42,1.083847
29.07,0.8969536
29.74,0.970856
30.39,0.625559
31.04,0.9633994
31.7,0.9121926
32.36,1.222727
33.01,0.7652406
33.67,0.9892735
34.33,1.571916
34.97,1.268186
35.64,1.125033
36.3,1.11505
36.94,1.5317
37.61,1.09273
38.26,1.768837
38.91,1.346484
39.57,1.330495
40.23,1.520604
40.88,1.774597
41.54,1.734609
42.2,1.714126
42.84,1.479286
43.51,1.983616
44.17,1.80674
44.81,1.733163
45.47,1.836565
46.14,1.892035
46.78,2.194141
47.44,1.727301
48.1,1.655812
48.75,1.881967
49.41,1.813207
50.07,1.839182
50.71,1.869224
51.38,1.978348
52.04,2.142891
52.68,2.043505
53.35,2.474226
54.01,2.064179
54.65,2.060585
55.31,2.07579
55.97,2.166573
56.62,1.991665
57.28,2.231322
57.94,1.90841
58.59,3.742563
59.25,2.550753
59.91,3.387675
60.56,2.122378
61.22,4.79436
61.88,2.011046
62.53,3.544947
63.18,3.863427
63.84,1.805675
64.49,2.577619
65.14999,3.143161
65.81,2.024265
66.46,2.639397
67.12,3.417618
67.77,1.510256
68.42999,2.366999
69.07999,3.020122
69.74,3.709074
70.39999,2.604672
71.05,2.502196
71.71,2.891327
72.35999,3.154799
73.00999,2.934005
73.67999,2.133637
74.32999,3.397114
74.98,2.446861
75.64,3.557295
76.3,3.006853
76.93999,4.30919
77.60999,2.376525
78.27,2.760375
78.91,3.226273
79.57,3.333673
80.23,2.558758
80.88,2.952156
81.53999,3.757111
82.2,3.062181
82.85,2.497275
83.50999,2.604339
84.17,2.47112
84.81,1.995685
85.48,2.48881
86.14,3.41894
86.78,3.709074
87.45,2.458588
88.10999,2.517571
88.74999,2.89812
89.42,2.352424
90.07999,4.11395
90.71999,3.351427
91.38,2.918018
92.05,3.567943
92.68999,3.227595
93.35,3.788998
94.00999,2.463884
94.64999,2.893826
95.32,3.04338
95.98,3.897948
96.62,2.260945
97.28,3.536615
97.93999,4.956529
98.57999,3.874061
99.24,3.249303
99.89999,3.843273
100.55,5.537206
101.2,3.10283
101.86,3.542263
102.51,3.97556
103.16,2.971466
103.82,3.596428
104.48,2.761661
105.13,2.257451
105.79,3.162536
106.44,3.017515
107.09,3.384608
107.75,2.937132
108.4,2.862859
109.05,3.634647
109.71,3.330221
110.37,2.742501
111.01,3.219512
111.66,3.514588
112.31,2.967207
112.94,2.141373
113.59,3.504499
114.24,3.36107
114.87,2.513767
115.52,2.751893
116.17,3.54328
116.8,3.02683
117.45,2.443699
118.11,3.670706
118.74,3.191833
119.39,3.509956
120.04,3.887414
120.67,4.814819
121.32,4.007723
121.97,4.058631
122.6,3.770529
123.25,3.354019
123.9,3.165487
124.54,3.529245
125.18,4.079239
125.83,2.623762
126.47,2.623109
127.11,3.409711
127.76,3.532866
128.41,3.028666
129.05,3.413657
129.7,3.602651
130.34,2.636387
130.98,3.4753
131.63,2.996182
132.28,3.026987
132.92,3.622505
133.57,3.215404
134.22,2.725799
134.86,3.229481
135.51,3.779416
136.16,3.075151
136.8,3.769819
137.45,3.376404
138.1,3.338437
138.73,3.85672
139.39,3.529673
140.03,2.732893
140.67,3.583411
141.32,2.822846
141.97,4.098067
142.6,3.128741
143.25,3.043067
143.9,3.487607
144.54,3.647881
145.19,3.443366
145.84,3.201336
146.48,3.101775
147.12,3.395376
147.77,2.99129
148.41,3.135447
149.05,4.783894
149.7,3.58721
150.35,3.172562
150.99,2.962707
151.64,3.732669
152.29,2.804623
152.92,3.33573
153.57,4.030445
154.22,2.940018
154.86,3.058093
155.51,3.866719
156.16,4.034539
156.79,3.510817
157.44,3.444213
158.09,3.859388
158.73,3.237614
159.38,3.192355
160.03,3.426382
160.66,4.295364
161.31,3.88571
161.96,2.994865
162.6,2.474774
163.25,3.559057
163.9,3.957316
164.54,3.613189
165.19,3.185777
165.84,3.694829
166.48,3.037828
167.12,3.270279
167.77,3.589192
168.41,3.816558
169.05,3.567048
169.7,2.835381
170.35,4.34116
170.99,3.909879
171.64,4.232203
172.29,4.569951
172.92,2.889787
173.58,2.216048
174.22,2.646283
174.86,3.710571
175.51,3.702685
176.16,3.584168
176.79,2.701495
177.45,3.165026
178.1,3.477646
178.73,3.082013
179.38,4.150791
180.03,3.5491
180.67,3.998096
181.32,3.632545
181.97,3.619617
182.6,3.446673
183.25,3.555946
183.9,2.828619
184.54,3.920836
185.19,3.71953
185.84,3.525553
186.48,3.894194
187.12,4.159521
187.77,3.463084
188.41,3.439543
189.05,3.588398
189.7,3.759984
190.35,3.839685
190.98,3.714471
191.64,3.506191
192.28,2.640376
192.92,3.375286
193.57,3.059566
194.22,4.462462
194.86,4.033263
195.51,3.823407
196.16,3.666678
196.79,3.769163
197.44,3.609046
198.09,3.539113
198.73,4.216811
199.38,3.149346
200.03,3.71752
200.67,3.575554
201.32,4.11579
201.97,3.529586
202.6,3.660843
203.25,3.247329
203.9,3.958942
204.54,3.501715
205.18,3.59205
205.83,3.561228
206.47,3.643338
207.11,3.953752
207.76,3.720952
208.41,3.68815
209.04,4.129146
209.69,4.048355
210.34,3.602987
210.98,3.729212
211.63,4.258249
212.28,3.245132
212.91,3.844605
213.56,3.19449
214.21,3.484315
214.84,3.573642
215.5,3.545153
216.15,2.99198
216.78,3.569477
217.43,3.278037
218.08,3.088283
218.71,4.006546
219.36,3.359475
220.01,3.544178
220.65,3.610219
221.3,3.471488
221.95,3.773275
222.58,3.878931
223.23,3.11059
223.88,2.771726
224.52,3.306357
225.16,3.384434
225.81,3.026388
226.45,3.321769
227.09,3.050571
227.74,2.958571
228.39,3.458404
229.02,3.410177
229.67,3.145087
230.32,4.167984
230.95,3.83793
231.61,3.479772
232.25,3.929238
232.89,3.494558
233.54,3.218749
234.19,2.771337
234.82,3.639207
235.47,3.234309
236.12,3.587547
236.75,3.582152
237.4,3.330744
238.05,3.376977
238.68,3.260399
239.33,3.38649
239.98,3.169797
240.62,3.287207
241.27,3.660941
241.92,3.39244
242.55,3.693104
243.2,3.444017
243.85,4.176829
244.49,3.935751
245.13,3.821081
245.78,3.709727
246.42,2.975725
247.06,4.333576
247.71,4.056659
248.36,3.252834
248.99,3.67615
249.64,2.083751
250.29,2.980847
250.44,3.256368
250.44,3.462977
250.44,3.440593
250.44,3.449162
250.44,3.44485
250.44,3.458682
250.44,3.440593
250.44,3.462977
250.44,3.449162
250.44,3.449162
250.44,3.431023
250.44,3.44485
250.44,3.458682
250.44,3.436391
250.71,3.453529
251.5,3.834183
252.29,3.901838
253.08,4.118625
253.88,3.785813
254.68,3.263052
255.48,3.398849
256.29,4.167977
257.08,3.164803
257.89,3.660797
258.68,2.91424
259.49,3.434134
260.29,3.419177
261.09,4.881708
261.9,3.44758
262.69,2.790484
263.49,3.14113
264.3,3.29904
265.1,3.936451
265.9,3.022595
266.7,4.197894
267.5,3.367137
268.31,3.670821
269.1,3.412983
269.91,3.633858
270.7,3.551108
271.51,3.304829
272.31,4.091155
273.11,3.464228
273.92,3.318585
274.71,3.30518
275.52,3.129352
276.32,3.76263
277.12,3.463853
277.92,3.119107
278.72,3.043339
279.53,4.000577
280.33,3.351371
281.13,3.511599
281.93,3.942344
282.73,3.437973
283.53,3.787279
284.34,3.595771
285.14,3.386665
285.95,3.661527
286.74,3.569133
287.55,3.075151
288.35,3.182179
289.15,3.403802
289.96,3.709477
290.75,4.352506
291.56,3.491812
292.36,3.650658
293.16,4.36258
293.97,3.637447
294.76,3.523936
295.56,4.027756
296.37,3.617661
297.16,3.477577
297.97,3.26704
298.76,3.332014
299.57,3.501075
300.38,3.446468
301.17,3.883101
301.98,4.808432
302.77,3.371806
303.58,3.856732
304.39,3.840667
305.18,3.415545
305.99,3.630379
306.78,3.603454
307.59,3.240269
308.39,3.250301
309.19,3.484299
310,3.406384
310.79,3.217769
311.6,3.860443
312.4,3.686928
313.2,3.506677
314.01,3.487079
314.8,3.357664
315.61,3.381512
316.41,3.877537
317.21,3.520841
318.02,4.182568
318.82,3.227595
319.62,3.161025
320.43,3.612746
321.23,3.562118
322.03,4.009446
322.83,3.78589
323.63,3.819793
324.44,3.80018
325.24,3.482755
326.05,4.289061
326.84,4.020082
327.65,4.329424
328.45,3.620707
329.25,4.05297
330.06,3.624814
330.85,3.703666
331.66,3.412727
332.46,3.679422
333.26,3.56123
334.07,3.814186
334.84,3.487989
335.64,3.72771
336.42,3.558419
337.21,3.778066
338.01,3.539218
338.78,3.55985
339.58,3.642374
340.37,3.565497
341.15,3.946628
341.95,3.803885
342.73,4.131918
343.52,3.779295
344.32,4.179958
345.1,3.974695
345.89,3.537504
346.67,4.047001
347.46,3.970335
348.26,3.979391
349.04,3.664072
349.83,4.096364
350.62,3.353522
351.41,4.105255
352.2,4.213845
352.98,3.96375
353.78,3.893085
354.56,3.504539
355.35,4.10401
356.15,3.562214
356.92,3.930639
357.71,4.320936
358.5,3.947494
359.29,3.833853
360.09,3.843809
360.86,3.991964
361.66,4.288975
362.44,3.91276
363.23,3.531402
364.02,4.019695
364.8,4.121894
365.59,4.242727
366.39,3.949317
367.17,4.044051
367.96,4.206536
368.74,4.207281
369.54,4.406437
370.33,3.888768
371.11,3.864231
371.9,3.860854
372.68,3.853699
373.48,4.364497
374.27,4.474369
375.05,4.306318
375.84,4.468407
376.63,4.36507
377.42,4.099536
378.21,4.206516
378.99,4.242727
379.78,4.132946
380.57,4.493528
381.36,4.176108
382.15,4.463206
382.93,4.41766
383.72,3.021593
384.51,3.981329
385.3,4.029828
386.09,3.970852
386.87,4.388276
387.66,4.228033
388.45,4.43443
389.24,4.422937
390.03,4.62584
390.81,4.656988
391.6,4.673475
392.39,3.91082
393.18,4.501381
393.97,4.508385
394.75,4.302252
395.54,4.596752
396.33,4.435858
397.12,4.486515
397.91,4.359145
398.69,4.478604
399.48,4.367526
400.27,4.470181
401.06,4.169175
401.85,3.82736
402.63,3.753417
403.42,4.704594
404.21,4.113425
404.99,4.345996
405.78,4.168404
406.57,4.844848
407.36,4.34292
408.15,4.325291
408.93,4.773937
409.72,4.668809
410.51,4.596269
411.3,4.310252
412.09,4.360548
412.87,4.420025
413.66,4.569927
414.45,5.03434
415.24,4.520049
416.03,4.471829
416.81,4.565725
417.6,4.583578
418.39,4.752868
419.18,4.97961
419.97,4.74088
420.75,3.884356
421.54,4.629568
422.33,4.47841
423.12,4.941802
423.91,4.75934
424.69,5.392019
425.48,4.347234
426.28,4.507049
427.06,4.466772
427.85,4.718798
428.63,4.505904
429.42,4.60186
430.22,4.895009
430.99,4.692981
431.79,4.671827
432.57,4.338447
433.36,5.006264
434.16,4.324126
434.93,4.691155
435.72,4.681467
436.51,4.46698
437.3,4.854354
438.1,4.588772
438.87,4.805686
439.66,4.540198
440.45,4.50869
441.24,4.660646
442.03,4.329913
442.81,4.515226
443.6,4.521461
444.4,4.797637
445.18,4.768523
445.97,4.541499
446.75,4.807449
447.54,4.768989
448.34,4.653539
449.12,5.143451
449.92,4.563001
450.7,4.273389
451.49,4.406898
452.28,5.155705
453.06,4.621075
453.85,4.956199
454.64,4.917107
455.43,4.475671
456.22,4.361315
457,4.778259
457.79,4.721445
458.58,5.357369
459.37,5.015203
460.16,4.469168
460.94,5.080886
461.73,5.04324
462.52,3.644913
463.31,4.976895
464.1,5.021834
464.88,4.938253
465.67,4.6945
466.46,4.675777
467.25,4.440125
468.05,4.726998
468.83,4.744947
469.62,4.739936
470.41,4.868311
471.2,4.675328
471.99,4.801162
472.77,4.742054
473.57,4.712158
474.36,4.490026
475.14,4.951629
475.94,4.293645
476.72,4.777057
477.51,4.332074
478.3,4.533091
479.09,4.913585
479.88,4.917059
480.66,4.990898
481.46,4.782112
482.25,5.13921
483.03,4.991293
483.82,5.048062
484.61,5.143153
485.4,4.159641
486.2,4.6799
486.98,4.508411
487.77,4.86596
488.56,5.276014
489.35,4.466843
490.14,4.739417
490.92,5.005017
491.71,4.910943
492.5,5.055522
493.29,5.056681
494.08,4.763859
494.86,4.830735
495.66,5.021067
496.45,4.880176
497.24,4.774421
498.03,4.716793
498.81,5.181917
499.6,4.696128
500.39,5.051336
500.5,5.360649
500.5,4.988386
500.5,5.009227
500.5,4.981166
500.5,5.005695
500.5,5.009227
500.5,5.005695
500.5,4.984757
500.5,4.991654
500.5,4.984757
500.5,4.984757
500.5,5.009227
500.5,4.995195
500.5,5.012797
500.5,4.984757
500.5,4.995195
500.55,5.002394
501.18,4.851858
501.83,4.423265
502.47,5.465935
503.12,5.318533
503.76,5.340964
504.41,4.977879
505.05,5.326031
505.7,5.125396
506.35,5.659047
506.99,5.253442
507.64,5.013836
508.29,4.813406
508.92,4.83737
509.57,4.739417
510.22,4.935962
510.86,5.704598
511.51,5.249576
512.16,5.015656
512.79,5.126071
513.4399,5.949918
514.09,4.56136
514.72,5.210659
515.3799,4.996392
516.02,5.064072
516.66,5.330388
517.31,5.24343
517.96,5.265755
518.59,5.046462
519.24,5.108425
519.89,5.187762
520.53,5.342808
521.18,5.12068
521.8199,5.376457
522.46,4.775893
523.11,5.121801
523.7499,5.259066
524.4,5.217399
525.04,5.719121
525.6899,5.373065
526.34,5.315215
526.97,5.302091
527.62,5.121808
528.28,5.108347
528.91,5.138923
529.56,5.52027
530.21,5.235841
530.84,5.197357
531.4999,5.105203
532.15,5.09634
532.78,5.706648
533.43,5.66428
534.08,5.401365
534.72,5.144453
535.37,4.899926
536.02,5.22953
536.65,5.383375
537.3,5.357581
537.95,5.344824
538.59,6.038409
539.23,5.183342
539.8799,5.267996
540.52,5.42124
541.16,4.909309
541.81,5.560105
542.45,5.469588
543.09,4.957054
543.74,5.218351
544.3799,5.328634
545.02,5.394104
545.66,5.406433
546.31,5.480597
546.95,5.222314
547.6,5.430321
548.2499,5.300831
548.8799,5.604076
549.53,5.183191
550.18,5.675318
550.81,5.538382
551.46,5.674064
552.11,5.508963
552.74,6.022746
553.3799,5.592359
554.02,5.237513
554.64,5.327133
555.28,5.506279
555.91,5.441516
556.54,5.178496
557.17,5.59051
557.81,5.428732
558.4399,4.937688
559.0699,5.867535
559.71,5.616113
560.34,5.650188
560.97,6.413423
561.6,5.280234
562.24,5.649406
562.87,5.514974
563.4999,5.095335
564.14,5.970991
564.7599,5.331713
565.4,5.641937
566.04,5.812384
566.66,5.305878
567.3,5.35865
567.9399,5.996765
568.56,5.674366
569.2,5.409237
569.84,5.937083
570.47,5.772107
571.1,5.581553
571.74,5.716996
572.3799,5.574043
573.0099,5.787311
573.64,5.830238
574.28,5.894438
574.91,5.833287
575.55,5.597897
576.1899,6.030053
576.81,5.722279
577.45,5.412662
578.09,5.434354
578.71,5.426926
579.35,5.267417
579.99,5.283137
580.61,5.310959
581.2499,5.110358
581.89,5.403198
582.52,5.185309
583.15,5.469588
583.79,5.254304
584.42,5.448783
585.05,5.060531
585.68,5.170236
586.3199,5.630606
586.95,4.771544
587.58,6.04549
588.22,5.511374
588.85,5.176426
589.48,5.204991
590.12,5.337636
590.7499,5.373055
591.3799,4.617756
592.02,5.196762
592.65,5.413354
593.29,5.14269
593.92,4.800857
594.55,5.076054
595.18,5.298303
595.8199,5.376935
596.45,5.945988
597.08,5.448851
597.72,4.961232
598.35,4.994947
598.98,5.143143
599.62,4.784105
600.2499,4.911944
600.8799,5.285459
601.52,5.092807
602.16,5.15377
602.78,5.39895
603.42,4.930382
604.06,4.977443
604.68,5.064977
605.3199,4.712809
605.96,4.672878
606.59,4.680611
607.22,4.945728
607.86,4.845357
608.49,4.567544
609.12,4.827992
609.7599,5.002499
610.39,4.619857
611.02,4.486709
611.66,4.669995
612.3,4.208084
612.92,4.628127
613.56,4.608639
614.2,4.861118
614.83,4.448611
615.46,4.609249
616.1,4.518399
616.73,4.434731
617.37,4.429486
618.0099,4.196491
618.6299,4.65771
619.27,4.535977
619.9,4.245442
620.53,4.069273
621.17,4.318539
621.8,4.349774
622.4399,4.081497
623.0699,4.270908
623.7,4.513638
624.34,4.124351
624.96,4.119558
625.6,4.06279
626.24,4.238894
626.86,4.32027
627.4999,4.453726
628.14,3.735229
628.7599,3.98075
629.4,4.176517
630.04,4.381284
630.67,4.201209
631.31,4.114423
631.9399,4.310862
632.5699,3.698273
633.21,4.50342
633.84,3.856732
634.47,3.805804
635.1,3.77265
635.74,3.789145
636.3799,4.289087
637,4.125307
637.64,3.935176
638.28,3.808393
638.91,4.094625
639.54,3.771319
640.18,3.661364
640.8,3.673165
641.4399,4.286683
642.08,3.746235
642.7,3.768537
643.34,4.127221
643.98,4.489444
644.61,3.172876
645.24,3.813575
645.8799,3.626183
646.5099,4.041644
647.14,3.856618
647.77,3.560676
648.41,3.593768
649.04,3.77583
649.67,3.262511
650.31,3.640166
650.93,3.328336
651.5699,3.376404
652.21,3.341929
652.83,3.684117
653.47,3.733604
654.11,3.102968
654.73,3.219627
655.37,3.374005
656,3.493344
656.6299,3.424928
657.27,3.622479
657.9,3.811144
658.53,3.827869
659.16,3.516906
659.8,3.544444
660.43,3.609314
661.06,3.508488
661.6899,3.669437
662.33,3.361886
662.96,3.616999
663.59,3.415968
664.23,3.524225
664.85,3.066123
665.49,3.509776
666.1299,3.424528
666.7499,3.438378
667.39,3.559839
668.03,3.33215
668.65,3.380784
669.29,3.021465
669.93,3.487208
670.55,3.212024
671.1899,3.35949
671.8199,3.646155
672.45,3.114429
673.09,3.451833
673.72,3.059191
674.35,3.444213
674.98,3.436244
675.61,3.212825
676.2499,3.289038
676.8799,4.184201
677.5099,3.114429
678.15,3.38649
678.77,3.174698
679.41,3.218782
680.05,3.350363
680.67,2.972371
681.31,3.541582
681.9399,3.357732
682.5699,3.15973
683.21,3.13486
683.84,3.09158
684.47,3.055469
685.1,3.576626
685.74,2.893977
686.37,3.235313
687,2.813805
687.6299,3.111915
688.27,2.979484
688.9,2.972896
689.53,3.341231
690.17,3.359475
690.79,3.249969
691.43,2.979737
692.0699,3.240068
692.6899,2.814057
693.33,2.927379
693.97,2.972352
694.59,3.060955
695.23,3.216552
695.86,3.202663
696.49,3.174079
697.1299,2.892465
697.7599,3.416148
698.39,2.982957
699.02,3.037161
699.66,2.620231
700.3,2.784125
700.92,2.693202
701.56,2.897314
702.2,2.73057
702.8199,2.946559
703.46,2.830848
704.09,2.693202
704.71,2.665803
705.35,2.883491
705.99,2.696598
706.61,2.66436
707.2499,3.244114
707.89,2.992771
708.52,2.733884
709.15,2.510133
709.78,2.958212
710.42,2.550281
711.04,2.559294
711.68,2.773
712.3199,3.074046
712.9399,2.798393
713.58,2.37636
714.22,2.843006
714.84,2.84447
715.47,2.406033
716.11,2.250059
716.73,2.724731
717.3799,2.733884
718.0099,2.45494
718.6299,2.742408
719.27,2.825829
719.91,2.709976
720.54,2.651827
721.17,2.772604
721.8,2.523902
722.4399,2.14951
723.0699,2.605285
723.7,2.715375
724.34,2.016644
724.96,2.369774
725.6,2.534606
726.24,2.428139
726.86,2.330355
727.4999,2.387555
728.14,2.295439
728.77,2.336641
729.4,2.599991
730.02,2.434878
730.64,2.090148
731.2599,2.003996
731.8799,2.291173
732.4999,2.720124
733.12,2.438833
733.74,2.246479
734.36,2.146873
734.97,2.662462
735.6,2.216235
736.22,2.487037
736.83,2.532944
737.45,2.254378
738.08,2.413861
738.6899,2.205488
739.31,2.418116
739.9399,2.652056
740.55,2.478555
741.17,2.275247
741.79,2.451306
742.41,2.48531
743.03,2.688107
743.65,2.598131
744.27,2.674365
744.8799,2.598131
745.5099,2.622712
746.1299,2.733677
746.74,2.68324
747.37,2.785161
748,2.728239
748.61,2.962474
749.23,2.890834
749.64,2.622712
749.64,2.888396
749.64,2.867314
749.64,2.88064
749.64,2.875033
749.64,2.893977
749.64,2.861681
749.64,2.892037
749.64,2.88064
749.64,2.888396
749.64,2.867314
749.64,2.907325
749.64,2.905321
749.64,2.88064
749.64,2.869487
749.64,2.867314
749.64,2.867314
749.64,2.88064
749.64,2.88064
749.64,2.893977
749.64,2.878764
749.97,2.886308
750.5699,2.941954
751.1899,2.905198
751.8,3.073625
752.42,2.622419
753.03,3.158076
753.64,2.842742
754.27,3.23489
754.87,3.318712
755.49,2.959339
756.12,3.013089
756.72,3.167204
757.34,2.850293
757.96,2.835166
758.56,3.037074
759.18,3.011207
759.8,3.336305
760.41,3.246305
761.02,3.471946
761.64,3.062677
762.2599,3.199071
762.87,3.271061
763.49,3.408578
764.11,3.457731
764.71,3.383056
765.33,3.12667
765.95,3.20696
766.56,3.11132
767.18,3.750942
767.79,3.20101
768.4999,3.456486
769.21,3.229407
769.93,3.432875
770.6299,3.304533
771.35,3.389075
772.0699,3.552397
772.77,3.552397
773.48,3.681509
774.2,3.599525
774.9,3.712152
775.62,3.601
776.34,3.716076
777.04,3.763285
777.7499,3.427168
778.47,3.776377
779.18,3.831317
779.89,3.653095
780.6,3.920184
781.3199,3.702033
782.03,4.058631
782.73,4.120659
783.45,3.517376
784.17,3.957907
784.87,3.921909
785.58,3.987309
786.3,4.029487
787,4.235763
787.72,4.018006
788.43,3.824402
789.14,4.020107
789.86,4.364571
790.56,4.280783
791.28,4.090376
791.99,4.345659
792.6899,4.127019
793.41,4.401211
794.1299,4.322444
794.83,4.574675
795.54,4.468237
796.2599,4.333377
796.96,4.218495
797.67,4.451619
798.39,4.613816
799.09,4.756598
799.81,4.33685
800.52,4.469471
801.23,4.57194
801.95,4.372584
802.65,4.67332
803.36,4.62632
804.08,4.814999
804.78,4.453619
805.4999,4.730664
806.21,4.575249
806.91,4.546891
807.6299,4.517408
808.34,4.529796
809.05,4.184306
809.7599,4.741986
810.47,4.369691
811.18,4.465751
811.9,4.530411
812.6,4.69252
813.3199,4.272788
814.03,4.270154
814.73,4.680391
815.45,4.849136
816.17,4.313333
816.87,4.338806
817.58,4.293245
818.3,4.188195
819,3.87476
819.7599,4.282581
820.46,4.369821
821.16,4.543407
821.87,4.296193
822.56,4.532454
823.3199,4.422937
824.04,4.177164
824.71,4.708282
825.45,4.586404
826.1299,4.489761
826.86,4.070694
827.59,4.263897
828.2499,4.42708
828.96,4.412696
829.6899,4.45585
831.72,4.196093
831.97,4.407274
832.12,4.258101
832.5099,4.320936
833.22,4.424549
833.9399,3.88132
834.64,4.381228
835.35,4.364115
836.0699,4.294587
836.77,4.325972
837.4999,4.327513
838.2,4.234465
838.9,4.253105
839.62,4.305612
840.34,4.5206
841.04,4.526739
841.7499,4.249551
842.46,4.457382
843.18,4.547848
843.89,4.165265
844.59,4.215867
845.31,4.072308
846.02,4.429325
846.73,5.833948
847.4399,4.032481
848.16,4.245747
848.8799,3.998648
849.5699,4.393393
850.29,4.525151
850.99,4.336177
851.7,4.055294
852.42,4.431112
853.1299,4.099326
853.84,3.759942
854.55,4.307714
855.2599,4.154646
855.97,4.165435
856.68,4.009524
857.39,4.592059
858.11,4.195292
858.8,4.128892
860.0699,4.111872
860.24,4.177479
860.9399,4.42929
861.65,4.251107
862.37,4.114355
863.0699,3.783643
863.79,4.078223
864.4999,3.955792
865.21,3.780003
865.92,3.606341
866.6299,3.867091
867.34,3.75623
868.06,3.749529
868.7599,3.471824
869.47,3.73357
870.1899,3.58789
870.89,3.464496
871.6299,3.504987
872.34,3.263596
873.05,3.196057
873.78,3.378601
874.48,3.237586
875.18,3.075961
875.89,2.971849
876.58,2.930048
877.3,3.313028
878.0099,3.234949
878.71,3.117614
879.43,3.304277
880.15,2.916081
880.84,3.033114
881.56,2.989867
882.28,2.970306
882.98,2.637543
883.6899,2.877899
884.41,2.951889
885.11,2.728378
885.83,2.890213
886.53,2.835329
887.2499,2.806466
887.96,2.541643
888.66,2.729974
889.3799,2.594734
890.1,2.336875
890.8,2.819097
891.5099,2.768213
892.23,2.479865
892.93,2.459899
893.65,2.533389
894.36,2.072414
895.0699,2.45549
895.79,2.48842
896.49,2.631207
897.21,2.407067
897.92,2.429984
898.6299,2.218439
899.35,2.562608
900.06,2.430175
900.7599,2.616475
901.48,2.696471
902.2,2.88434
902.9,2.248096
903.62,2.488752
904.33,2.212184
905.04,2.768688
905.7499,2.475562
906.46,2.416786
907.18,2.495921
907.89,2.373254
908.6,2.632175
909.4399,2.499498
910.03,2.548811
910.73,2.354216
911.52,2.542846
912.23,2.509168
912.92,2.509168
913.61,2.640641
914.36,2.539303
915.0699,2.47388
915.79,2.649367
916.4999,2.347044
917.15,2.425085
917.86,2.673229
918.62,2.702662
919.3199,2.782157
920.05,2.341751
920.74,2.213444
921.48,2.558878
922.1899,2.387851
922.89,2.54603
923.6,2.574415
924.35,2.353862
925.02,2.488837
925.7499,2.369767
926.42,2.464315
927.17,2.506309
927.86,2.362157
928.59,2.592662
929.2499,2.498378
929.97,2.796812
930.67,2.348497
931.43,2.504661
932.16,2.600818
932.8199,2.424487
933.58,2.256211
934.31,2.399756
935,2.327454
935.72,2.71678
936.4399,2.366539
937.1299,2.314379
937.86,2.487242
938.4999,2.204268
940.91,2.729974
941.08,2.358614
941.2599,2.347871
941.47,2.556281
942.12,2.502533
942.77,2.453027
943.53,2.392418
944.2499,2.427533
944.9399,2.230637
945.62,2.56039
946.39,2.774248
947.06,2.329707
947.7499,2.497904
948.46,2.327454
949.16,2.295255
949.8799,2.308875
950.58,2.336526
951.3,2.275776
952.0099,2.340476
952.72,2.372801
953.43,2.364902
954.15,2.392627
954.85,2.581479
955.5699,2.486232
956.28,2.32165
956.99,2.37008
957.7,2.621074
958.42,2.363432
959.1299,2.556012
959.84,2.22927
960.55,2.415723
961.2599,2.700319
961.98,2.320836
962.68,2.581901
963.4,2.283692
964.12,2.329147
964.8199,2.606233
965.53,2.166017
966.2499,2.447888
966.96,2.395352
967.67,2.422624
968.3799,2.520478
969.09,2.257772
969.8,2.23988
970.5099,2.7591
971.23,2.737529
971.9399,2.192836
972.64,2.346273
973.36,2.351403
974.0699,2.445219
974.77,2.127571
975.49,2.176637
976.2,2.434502
976.9,2.474134
977.61,2.746563
978.33,2.468309
979.03,2.341369
979.7499,2.49701
980.46,2.380361
981.15,2.367538
981.85,2.324951
982.55,2.225842
983.2499,2.303466
983.95,2.346425
984.64,2.278995
985.35,2.31868
986.05,2.646294
986.74,2.395516
987.4399,2.609626
988.14,2.422624
988.83,2.259151
989.53,2.346425
990.24,2.379916
990.93,2.346273
991.6299,2.22609
992.33,2.152296
993.03,2.163115
993.73,2.621695
994.43,2.423871
995.1299,2.301298
995.83,2.257772
996.53,2.381172
997.23,2.46402
997.93,2.065879
998.6299,2.348422
999.33,2.156905
1000.04,2.344562
1000.72,2.453146
1001.43,2.111574
1002.14,2.376156
1002.82,2.253173
1003.53,2.358849
1004.23,2.369378
1004.92,2.240002
1005.32,2.293186
1005.32,2.292277
1005.32,2.292277
1005.32,2.264235
1005.32,2.264235
1005.32,2.264235
1005.32,2.264235
1005.32,2.250223
1005.32,2.260762
1005.32,2.292277
1005.32,2.292277
1005.32,2.271443
1005.32,2.292277
1005.61,2.295793
1006.41,2.39431
1007.21,2.503209
1008.01,2.607682
1008.8,2.235618
1009.6,2.329612
1010.41,2.331252
1011.2,1.993393
1012.01,1.83431
1012.8,2.324529
1013.6,1.965287
1014.4,2.22927
1015.2,2.06336
1016,2.199625
1016.79,2.454527
1017.59,2.247293
1018.39,2.353494
1019.2,2.354626
1020,2.482027
1020.79,2.243513
1021.59,2.463607
1022.39,2.376548
1023.19,2.267484
1023.99,2.327372
1024.78,2.319513
1025.59,2.369378
1026.39,2.213486
1027.19,2.349836
1027.99,2.256313
1028.78,2.355523
1029.58,1.911343
1030.39,2.495759
1031.18,2.207912
1031.99,2.304155
1032.78,2.298868
1033.58,2.31043
1034.38,2.482027
1035.18,2.580649
1035.99,2.321368
1036.78,2.235868
1037.58,2.438021
1038.39,2.325872
1039.18,2.050223
1039.99,2.464217
1040.78,2.219278
1041.58,2.348695
1042.39,2.26816
1043.18,2.365883
1043.99,2.309107
1044.77,2.404915
1045.58,2.227619
1046.38,2.405963
1047.18,2.400456
1047.98,2.451604
1048.77,2.519466
1049.58,2.427973
1050.38,2.221802
1051.18,2.259361
1051.98,2.426864
1052.77,2.486916
1053.57,2.485569
1054.38,2.294882
1055.18,2.559251
1055.98,2.672975
1056.77,1.706454
1057.57,2.590595
1058.38,2.154266
1059.18,2.356061
1059.98,2.239797
1060.77,2.268696
1061.57,2.720833
1062.38,2.599631
1063.17,2.399399
1063.98,1.951882
1064.77,2.176477
1065.57,2.193597
1066.37,2.590356
1067.17,2.703892
1067.97,2.356355
1068.76,2.163805
1069.57,2.33558
1070.37,2.520585
1071.17,2.213554
1071.97,2.373341
1072.76,2.240002
1073.56,2.35274
1074.37,2.341369
1075.16,1.999059
1075.96,2.471842
1076.75,1.94807
1077.56,2.246627
1078.36,2.392457
1079.15,2.35386
1079.96,2.654119
1080.75,2.471457
1081.55,2.145078
1082.35,2.036908
1083.15,2.466596
1083.95,2.161782
1084.74,2.309107
1085.54,2.358596
1086.35,1.92486
1087.14,2.216763
1087.95,2.349376
1088.73,2.011448
1089.54,2.345047
1090.34,2.120928
1091.14,2.295552
1091.94,2.411432
1092.73,2.296862
1093.53,2.426987
1094.34,2.278995
1095.13,2.250223
1095.94,2.313167
1096.73,2.287099
1097.53,2.294495
1098.33,2.429554
1099.13,2.289786
1099.93,2.376525
1100.72,2.245403
1101.52,2.233161
1102.32,1.962326
1103.12,2.356998
1103.92,2.410008
1104.71,2.544479
1105.51,2.204657
1106.32,2.245293
1107.11,2.331252
1107.91,2.352483
1108.7,2.233161
1109.51,2.038412
1110.31,2.074992
1111.1,2.454235
1111.9,2.358278
1112.7,2.471606
1113.5,2.468309
1114.3,2.468309
1115.1,2.398113
1115.9,2.313381
1116.69,2.55477
1117.49,2.212078
1118.3,2.499927
1119.09,2.37821
1119.89,2.450505
1120.68,2.574722
1121.49,2.517518
1122.29,2.26191
1123.08,2.309107
1123.89,2.257475
1124.68,2.256574
1125.48,2.596829
1126.29,2.751376
1127.08,2.278799
1127.88,2.482027
1128.67,2.517518
1129.48,2.394087
1130.28,2.426281
1131.07,2.576153
1131.87,2.540891
1132.67,2.762011
1133.47,2.624585
1134.27,2.721493
1135.06,2.497904
1135.86,2.422584
1136.66,2.56697
1137.46,2.18962
1138.27,2.364874
1139.06,2.48645
1139.86,2.574651
1140.65,2.262595
1141.45,2.372801
1142.26,2.519611
1143.05,2.775307
1143.85,2.481679
1144.64,2.490269
1145.45,2.647348
1146.25,2.510333
1147.04,2.727033
1147.85,2.448225
1148.64,2.602589
1149.44,2.977105
1150.25,2.59083
1151.04,2.916683
1151.84,2.733743
1152.63,2.498464
1153.44,2.721655
1154.24,2.852196
1155.03,2.572345
1155.83,2.750758
1156.62,2.635817
1157.43,2.979168
1158.23,2.90876
1159.02,2.723225
1159.82,3.039701
1160.62,2.643083
1161.42,2.805302
1162.22,2.507867
1163.02,2.897773
1163.82,2.758858
1164.61,2.881294
1165.42,2.654683
1166.22,2.731386
1167.01,2.85096
1167.82,2.809303
1168.61,2.787495
1169.41,2.971107
1170.22,2.936188
1171.01,2.920711
1171.81,2.810828
1172.61,2.871183
1173.41,2.966899
1174.21,3.044929
1175.01,2.667988
1175.81,2.738788
1176.61,2.915126
1177.41,2.843467
1178.21,2.999153
1179,2.820243
1179.81,2.919507
1180.6,2.938848
1181.41,2.854991
1182.21,2.793642
1183,2.642399
1183.81,3.07724
1184.6,2.914864
1185.41,3.319403
1186.21,2.775584
1187,3.356041
1187.81,2.975349
1188.6,2.744067
1189.39,2.731386
1190.18,2.843847
1190.95,2.904146
1191.74,2.900466
1192.53,2.242974
1193.32,3.359937
1194.1,2.809303
1194.88,2.823549
1195.67,2.952459
1196.46,3.241355
1197.25,3.114397
1198.03,3.334481
1198.81,3.068954
1199.6,2.995767
1200.39,2.720648
1201.17,2.961553
1201.96,2.878469
1202.74,3.26224
1203.53,2.799495
1204.32,2.880999
1205.1,3.070079
1205.89,3.239946
1206.67,2.845601
1207.46,2.795411
1208.25,2.849762
1209.03,2.986083
1209.82,2.834171
1210.6,3.275488
1211.39,2.807295
1212.18,3.053731
1212.95,3.082018
1213.74,2.826881
1214.52,3.208376
1215.31,2.856629
1216.1,3.003902
1216.88,3.110003
1217.67,2.926349
1218.45,2.950198
1219.24,2.778309
1220.03,3.082687
1220.8,2.688528
1221.59,3.186954
1222.38,2.81784
1223.16,2.890594
1223.95,2.614468
1224.73,3.06747
1225.52,3.235538
1226.31,2.926812
1227.08,2.610101
1227.87,2.606008
1228.65,2.75186
1229.44,2.960769
1230.23,2.795441
1231.01,2.514922
1231.79,2.66999
1232.58,2.726849
1233.37,2.850293
1234.16,2.998691
1234.93,3.269956
1235.72,2.991042
1236.5,2.865614
1237.29,2.93202
1238.08,2.943405
1238.85,2.707283
1239.64,3.036876
1240.43,3.056375
1241.21,2.838833
1242,2.946279
1242.78,3.192075
1243.56,2.871347
1244.35,3.043067
1245.13,2.971911
1245.92,3.108649
1246.7,2.915555
1247.49,3.188543
1248.28,2.881003
1249.06,2.903822
1249.6,2.907666
1249.6,3.022595
1249.6,3.068305
1249.6,3.068305
1249.6,3.022595
1249.6,3.073625
1249.6,3.090056
1249.6,3.054836
1249.6,3.046744
1249.6,3.063044
1249.6,3.046744
1249.6,3.046744
1249.6,3.057842
1249.6,3.063044
1249.6,3.076546
1249.6,3.068305
1249.6,3.041377
1249.6,3.033318
1249.6,3.027927
1249.6,3.054836
1249.6,3.036069
1249.6,3.041377
1249.6,3.033318
1249.6,3.063044
1249.62,3.065582
1249.69,3.068305
1250.01,3.06018
1250.8,2.530274
1251.64,3.117103
1252.47,3.137363
1253.31,3.006591
1254.15,2.732523
1254.97,2.621274
1255.81,3.121749
1256.64,2.817511
1257.48,3.146252
1258.32,3.358513
1259.15,3.086966
1259.99,2.842531
1260.82,3.177106
1261.68,2.951077
1262.85,3.134515
1264.42,3.050385
1265.99,2.913925
1267.55,3.211312
1268.52,3.368289
1269.34,3.380123
1270.15,3.192653
1271.02,3.32475
1272.07,3.239327
1273.31,3.366759
1274.73,3.348302
1275.93,2.84834
1277.27,3.284093
1278.73,3.187427
1280.22,2.969681
1281.7,3.464022
1283.1,3.354886
1284.5,3.756743
1285.9,3.196152
1287.3,3.224346
1288.69,3.217795
1290.1,3.004206
1291.49,2.813594
1293.06,3.362263
1294.67,3.143787
1296.29,3.604502
1297.91,3.659823
1299.51,3.160231
1301.13,3.676701
1302.74,3.706125
1304.36,3.615594
1305.98,3.481667
1307.59,4.110245
1309.21,3.484619
1310.81,3.30449
1312.44,3.350293
1314.06,3.840282
1315.66,4.263562
1317.29,3.331915
1318.9,3.580075
1320.51,2.95051
1322.13,3.753353
1323.74,4.251815
1325.36,3.720973
1326.98,3.549308
1328.59,3.742728
1330.21,3.608471
1331.83,2.648094
1333.44,3.88106
1335.05,3.561367
1336.67,3.278442
1338.29,3.489885
1339.9,3.192075
1341.51,3.452164
1343.13,3.114365
1344.74,3.816955
1346.37,3.535634
1347.98,3.576631
1349.59,3.43622
1351.21,3.375778
1352.82,3.435844
1354.44,3.744552
1356.06,3.516423
1357.67,3.180955
1359.29,3.391007
1360.9,3.494075
1362.51,3.453497
1364.13,3.171625
1365.74,3.512412
1367.37,3.475433
1368.97,3.401399
1370.58,3.142436
1372.21,3.473443
1373.82,2.965964
1375.44,3.706079
1377.05,3.471439
1378.67,3.398241
1380.29,3.59994
1381.91,3.14472
1383.52,3.658421
1385.13,3.633882
1386.74,3.582153
1388.36,3.269653
1389.98,4.026085
1391.58,3.38284
1393.2,3.425055
1394.78,3.477916
1396.37,3.656202
1397.95,3.940143
1399.53,3.039256
1401.12,3.845555
1402.71,3.797456
1404.3,3.262021
1405.89,3.421717
1407.47,2.927934
1409.06,3.518772
1410.64,3.219643
1412.24,3.491393
1413.83,3.728352
1415.41,3.262021
1417,3.166664
1418.58,3.209496
1420.18,3.209496
1421.76,3.539822
1423.35,3.619892
1424.93,3.176016
1426.52,3.527251
1428.11,3.427803
1429.69,3.455486
1431.28,3.587794
1432.86,3.48392
1434.45,3.081738
1436.04,4.003301
1437.62,2.848447
1439.21,3.137373
1440.79,3.42153
1442.39,3.22248
1443.98,3.410687
1445.56,3.564361
1447.15,3.256213
1448.73,3.214247
1450.33,3.316781
1451.92,2.895265
1453.49,3.174177
1455.08,3.487862
1456.67,3.281254
1458.26,3.360988
1459.85,3.517081
1461.43,3.432264
1463.01,3.680801
1464.6,3.69689
1466.2,3.377077
1467.78,3.224571
1469.37,3.185881
1470.95,2.948709
1472.54,3.522657
1474.13,3.25198
1475.71,3.377135
1477.29,3.333838
1478.88,3.222907
1480.47,3.283211
1482.06,3.304533
1483.64,3.504995
1485.23,2.937863
1486.81,3.908664
1488.4,3.812873
1489.98,3.327822
1491.56,3.243608
1493.15,3.106759
1494.73,3.419545
1496.33,3.425246
1497.92,3.27731
1499.49,2.911663
1499.59,3.070828
1499.59,3.411646
1499.59,3.436006
1499.59,3.46803
1499.59,3.443183
1499.59,3.430119
1499.59,3.436006
1499.59,3.432526
1499.59,3.432526
1499.59,3.411646
1499.59,3.439831
1499.59,3.432526
1499.59,3.425737
1499.59,3.425737
1499.59,3.415025
1499.59,3.425737
1499.68,3.471355
1500.78,3.433299
1502.28,3.609213
1503.76,2.856356
1505.26,2.561287
1506.74,3.886081
1508.23,4.012113
1509.71,3.652063
1511.2,3.151762
1512.69,3.321792
1514.18,3.694978
1515.66,4.057302
1517.16,3.232428
1518.64,3.335225
1520.14,3.294566
1521.62,3.488812
1523.11,3.672152
1524.59,3.572731
1526.09,3.705658
1527.57,3.335205
1529.06,3.667815
1530.55,3.139117
1532.05,3.568424
1533.53,3.471381
1535.01,3.347178
1536.5,3.800882
1538,2.706008
1539.48,3.362899
1540.97,3.64127
1542.46,3.589083
1543.95,3.948651
1545.43,3.471946
1546.92,3.403802
1548.41,3.455603
1549.9,4.030818
1551.38,3.77277
1552.87,3.427427
1554.36,3.726502
1555.85,3.594073
1557.34,3.699989
1558.82,4.313066
1560.32,3.538093
1561.8,3.855855
1563.29,3.356094
1564.77,3.674891
1566.27,3.369013
1567.75,3.611161
1569.24,3.709671
1570.72,3.523607
1572.22,3.862961
1573.71,3.809568
1575.19,4.013802
1576.68,3.540109
1578.18,3.494129
1579.66,3.396345
1581.15,3.272936
1582.64,3.41895
1584.14,3.486053
1585.62,4.242505
1587.11,3.900645
1588.59,3.527806
1590.09,3.459699
1591.58,4.241063
1593.06,3.648584
1594.54,3.540759
1596,3.774074
1597.46,3.84419
1598.92,3.323398
1600.39,4.111561
1601.85,3.891103
1603.32,3.971558
1604.77,3.376284
1606.24,3.57443
1607.7,3.567391
1609.16,4.062923
1610.62,3.628742
1612.09,3.252524
1613.55,3.534938
1615.01,3.354262
1616.47,3.778862
1617.93,3.676168
1619.4,3.341401
1620.85,3.810247
1622.32,3.584948
1623.77,3.599383
1625.24,3.699314
1626.69,3.746981
1628.16,3.233812
1629.62,3.789595
1631.08,3.680555
1632.54,3.613371
1634.01,3.402666
1635.46,3.884054
1636.92,3.485882
1638.39,3.367967
1639.84,3.93997
1641.31,3.4832
1642.76,3.461286
1644.23,3.450049
1645.68,3.846984
1647.15,3.448486
1648.6,3.741628
1650.07,3.627759
1651.53,4.073155
1652.99,3.410124
1654.45,3.375166
1655.92,3.47392
1657.37,3.816575
1658.83,3.001601
1660.3,3.354607
1661.76,3.983574
1663.22,3.4413
1664.68,3.535901
1666.15,3.168585
1667.6,3.608383
1669.06,3.204844
1670.52,3.485216
1671.99,3.585899
1673.44,3.334203
1674.89,3.09761
1676.36,3.442508
1677.82,2.653976
1679.29,3.2322
1680.74,3.432154
1682.21,3.940497
1683.67,3.064677
1685.13,3.223588
1686.59,3.46742
1688.06,3.167528
1689.51,3.72379
1690.97,3.496132
1692.44,3.25904
1693.9,3.261209
1695.36,3.544303
1696.81,3.267457
1698.28,3.141283
1699.73,3.29835
1701.2,3.036128
1702.66,3.60541
1704.13,3.3669
1705.58,3.601544
1707.04,3.448743
1708.51,2.809972
1709.97,3.668263
1711.43,3.951795
1712.89,3.754381
1714.36,2.624993
1715.83,3.416337
1717.29,3.015495
1718.76,3.00125
1720.24,3.458367
1721.71,3.00176
1723.19,3.741886
1724.67,4.041845
1726.16,3.745722
1727.62,3.443137
1729.11,3.179317
1730.58,3.344449
1732.07,3.825861
1733.54,3.376504
1735,3.458295
1736.48,3.905399
1737.96,3.420562
1739.43,3.579314
1740.9,3.50964
1742.38,3.151266
1743.85,3.889842
1745.23,3.423933
1746.44,3.748978
1747.5,3.102564
1748.54,3.973755
1749.51,3.384629
1749.98,3.307528
1749.99,3.541785
1750.01,3.572415
1750.01,3.572415
1750.01,3.586104
1750.01,3.590824
1750.01,3.5998
1750.01,3.590824
1750.01,3.5998
1750.01,3.590824
1750.01,3.577153
1750.14,3.5998
1750.77,3.610219
1751.41,3.05212
1752.04,3.760386
1752.66,3.631876
1753.3,5.120682
1753.94,3.544775
1754.59,3.549506
1755.25,4.488215
1755.88,3.256757
1756.51,3.36166
1757.15,3.114663
1757.79,3.410207
1758.47,3.81792
1759.19,3.4807
1759.53,3.412527
1760.04,3.773649
1760.04,3.595758
1760.04,3.622921
1760.04,3.618186
1760.04,3.586104
1760.04,3.622921
1760.04,3.632545
1760.04,3.609256
1760.04,3.631876
1760.04,3.618186
1760.04,3.604502
1760.04,3.636594
1760.08,3.613502
1760.72,3.664674
1761.46,2.951057
1762.22,3.237991
1762.96,3.600419
1763.71,3.57811
1764.47,3.733814
1765.22,3.721243
1765.98,3.81286
1766.73,3.820945
1767.48,3.429825
1768.24,3.61042
1768.98,3.652121
1769.71,3.838945
1770.01,3.968184
1770.01,3.617249
1770.01,3.629835
1770.01,3.610142
1770.01,3.610142
1770.01,3.611853
1770.01,3.610142
1770.01,3.649537
1770.01,3.6244
1770.01,3.6244
1770.01,3.6244
1770.28,3.617249
1770.84,3.136711
1771.58,4.020742
1772.65,3.712622
1773.89,2.869067
1775.28,4.57906
1776.68,3.788802
1778.13,3.773868
1779.55,3.737562
1780.07,3.882667
1780.07,3.585596
1780.07,3.596999
1780.07,3.585596
1780.07,3.594486
1780.07,3.614758
1780.07,3.614758
1780.07,3.603412
1780.07,3.60586
1780.07,3.596999
1780.07,3.617256
1780.07,3.617256
1780.07,3.594486
1780.07,3.614758
1780.07,3.594486
1780.07,3.596999
1780.07,3.603412
1780.07,3.596999
1780.21,3.608423
1781.38,3.30233
1782.8,3.158268
1784.23,3.724354
1785.65,3.777886
1787.07,4.060999
1788.5,3.406007
1789.94,4.438111
1790.11,3.008391
1790.11,3.557044
1790.11,3.562178
1790.11,3.56948
1790.11,3.587145
1790.11,3.56948
1790.11,3.581931
1790.11,3.589251
1790.11,3.594396
1790.11,3.574654
1790.11,3.594396
1790.11,3.576826
1790.11,3.56948
1790.11,3.589251
1790.46,3.576826
1791.86,3.220234
1793.43,2.960994
1794.99,3.345685
1796.55,3.218456
1798.13,2.982061
1799.6,3.777258
1800.04,3.421561
1800.04,3.820475
1800.04,3.554046
1800.04,3.556309
1800.04,3.556309
1800.04,3.537558
1800.04,3.582598
1800.04,3.556309
1800.04,3.549694
1800.04,3.566126
1800.04,3.568322
1800.04,3.568322
1800.04,3.568322
1800.04,3.554046
1800.24,3.566126
1801.41,3.771891
1802.72,3.288067
1804.04,3.570799
1805.56,3.844677
1807.15,3.116462
1808.74,4.394728
1810.12,2.492354
1810.13,3.331071
1810.13,3.525719
1810.13,3.554501
1810.13,3.511328
1810.13,3.554501
1810.13,3.568892
1810.13,3.512667
1810.13,3.541437
1810.13,3.540109
1810.13,3.541437
1810.13,3.554501
1810.51,3.567634
1812.12,4.170633
1814.11,4.945783
1816.09,3.843792
1818.09,3.228204
1819.96,3.7288
1819.98,3.668387
1819.98,3.51151
1819.98,3.539218
1819.98,3.501814
1819.98,3.51151
1819.98,3.539218
1819.98,3.529479
1819.98,3.535171
1819.98,3.51151
1819.98,3.507431
1819.98,3.493568
1820.22,3.521299
1821.64,3.524076
1823.6,3.45189
1825.58,6.159383
1827.55,2.935437
1829.5,2.345759
1829.92,3.599356
1830.03,3.451792
1830.03,3.520654
1830.03,3.512412
1830.03,3.524292
1830.03,3.532506
1830.03,3.544376
1830.03,3.524292
1830.03,3.524292
1830.03,3.508821
1830.03,3.532506
1830.03,3.524292
1830.52,3.508821
1831.99,3.332563
1833.52,3.211492
1835.04,3.46169
1836.58,3.84602
1838.12,4.024889
1839.64,4.414802
1840.08,4.486946
1840.08,3.483855
1840.08,3.513352
1840.08,3.500357
1840.08,3.483855
1840.08,3.504185
1840.08,3.522554
1840.08,3.485959
1840.08,3.493015
1840.08,3.493015
1840.08,3.483855
1840.08,3.513352
1840.08,3.456588
1840.33,3.47473
1841.59,3.587932
1842.99,4.23275
1844.4,3.480623
1845.8,3.467248
1847.21,3.963364
1848.6,3.44758
1850.02,3.427427
1851.42,3.219429
1852.81,3.833502
1854.23,2.58586
1855.62,3.540466
1857.02,3.244589
1858.43,3.036664
1859.83,3.187392
1859.98,3.069425
1859.98,3.412775
1859.98,3.407194
1859.98,3.388286
1859.98,3.418407
1859.98,3.418407
1859.98,3.412775
1859.98,3.42612
1859.98,3.42612
1859.98,3.43173
1860.02,3.393836
1860.93,3.418407
1862.85,3.581436
1864.85,3.897228
1866.85,3.094189
1868.84,3.993956
1870.06,3.756507
1870.06,3.42647
1870.06,3.411479
1870.06,3.404788
1870.06,3.394565
1870.06,3.41235
1870.06,3.42014
1870.06,3.408541
1870.06,3.434072
1870.06,3.426315
1870.06,3.404788
1870.06,3.390348
1870.06,3.408541
1870.06,3.404788
1870.06,3.394565
1870.06,3.408541
1870.06,3.397453
1870.06,3.41235
1870.06,3.394565
1870.06,3.404788
1870.19,3.418784
1871.37,3.024489
1872.93,3.308849
1874.5,3.533561
1876.08,3.340722
1877.65,3.480347
1879.22,4.32128
1880.02,3.986025
1880.02,3.431773
1880.02,3.397549
1880.02,3.400575
1880.02,3.399506
1880.02,3.42647
1880.02,3.412953
1880.02,3.411126
1880.02,3.400575
1880.02,3.399506
1880.02,3.398497
1880.02,3.397549
1880.02,3.383088
1880.02,3.411126
1880.02,3.396662
1880.02,3.396662
1880.02,3.399506
1880.02,3.42741
1880.02,3.412009
1880.02,3.42647
1880.02,3.395835
1880.74,3.42741
1882.23,3.086909
1883.71,3.240777
1885.21,3.15753
1886.69,4.086641
1888.19,3.655022
1889.68,2.91364
1891.17,3.58842
1892.66,3.958942
1894.16,3.539113
1895.64,3.153873
1897.14,3.585646
1898.62,3.866195
1900.04,2.870797
1900.06,3.287412
1900.06,3.391426
1900.06,3.406248
1900.06,3.390936
1900.06,3.391426
1900.06,3.376939
1900.06,3.376447
1900.06,3.391426
1900.06,3.405638
1900.23,3.376447
1901.23,3.057424
1902.55,4.117679
1903.89,3.680484
1904.81,5.092318
1904.97,3.79515
1904.97,3.378139
1904.97,3.363658
1904.97,3.378662
1904.97,3.378139
1904.97,3.363658
1904.98,3.392161
1905.63,3.363658
1907.14,3.827854
1908.66,3.342594
1909.98,3.618015
1909.98,3.582805
1909.98,3.364078
1909.98,3.338399
1909.98,3.366826
1909.98,3.364078
1909.98,3.366826
1909.98,3.361389
1909.98,3.352612
1909.98,3.364078
1909.98,3.352612
1909.98,3.349851
1910.31,3.341231
1911.75,3.415089
1913.46,3.619452
1914.82,3.584168
1915.05,3.100703
1915.05,3.342594
1915.05,3.378369
1915.05,3.342594
1915.05,3.352662
1915.05,3.352662
1915.05,3.352662
1915.05,3.342594
1915.05,3.342594
1915.05,3.342594
1915.05,3.342594
1915.05,3.342594
1915.05,3.374398
1915.05,3.332621
1915.05,3.346542
1915.05,3.332621
1915.05,3.360467
1915.05,3.346542
1915.05,3.338704
1915.29,3.342594
1915.57,2.877251
1915.85,3.221433
1916.03,3.036069
1916.03,3.32684
1916.03,3.335205
1916.03,3.335205
1916.03,3.353302
1916.03,3.344858
1916.03,3.335205
1916.03,3.335205
1916.03,3.344858
1916.06,3.353302
1916.59,3.367137
1917.17,4.202966
1917.75,3.221433
1918.07,3.270279
1918.07,3.317135
1918.07,3.343798
1918.07,3.321364
1918.07,3.353302
1918.07,3.339473
1918.07,3.334392
1918.07,3.329993
1918.07,3.371426
1918.07,3.329993
1918.07,3.32565
1918.07,3.353302
1918.07,3.32565
1918.07,3.357609
1918.07,3.32565
1918.07,3.339473
1918.07,3.32565
1918.07,3.32565
1918.07,3.348179
1918.07,3.357609
1918.37,3.32565
1918.89,3.006496
1918.98,3.544303
1918.98,3.336643
1918.98,3.340722
1918.98,3.346542
1918.98,3.344858
1918.98,3.368501
1918.98,3.350547
1918.98,3.332621
1918.98,3.344858
1918.98,3.350547
1918.98,3.354609
1918.98,3.358728
1919.32,3.354609
1919.87,3.415984
1919.99,3.01934
1919.99,3.376808
1919.99,3.356536
1919.99,3.374398
1919.99,3.336643
1919.99,3.350547
1919.99,3.374398
1919.99,3.332621
1919.99,3.342594
1920.04,3.342594
1920.64,3.354609
1921.02,3.430402
1921.02,3.394565
1921.02,3.331097
1921.02,3.342594
1921.02,3.352662
1921.02,3.366625
1921.02,3.370483
1921.02,3.359083
1921.2,3.348846
1921.8,2.876911
1922.01,2.748067
1922.01,3.374398
1922.01,3.370483
1922.01,3.352662
1922.01,3.359083
1922.01,3.348846
1922.01,3.334871
1922.01,3.345088
1922.01,3.362825
1922.01,3.348846
1922.01,3.373082
1922.01,3.362825
1922.01,3.348846
1922.01,3.345088
1922.01,3.348846
1922.01,3.374398
1922.01,3.348846
1922.01,3.366625
1922.03,3.355398
1922.42,3.373082
1922.83,3.378306
1923,2.905767
1923,3.355398
1923,3.355398
1923,3.362825
1923,3.351771
1923,3.365801
1923,3.348202
1923,3.362247
1923,3.355398
1923,3.355398
1923,3.355398
1923,3.341387
1923,3.351771
1923,3.355398
1923,3.351771
1923,3.355398
1923,3.355398
1923,3.334162
1923,3.355398
1923,3.334162
1923,3.355398
1923,3.355398
1923,3.355398
1923,3.355398
1923,3.351771
1923,3.337745
1923,3.341387
1923,3.355398
1923,3.351771
1923.02,3.337745
1923.48,3.341387
1923.96,3.692975
1923.98,3.758267
1923.98,3.344692
1923.98,3.344692
1923.98,3.355314
1923.98,3.348202
1923.98,3.32717
1923.98,3.34124
1923.98,3.32717
1923.98,3.330636
1923.98,3.344692
1923.98,3.34124
1923.98,3.34124
1923.98,3.316584
1923.98,3.344692
1923.98,3.337745
1923.98,3.32717
1923.98,3.32717
1923.98,3.344692
1923.98,3.348202
1923.98,3.344692
1923.98,3.348202
1923.98,3.334162
1923.98,3.337745
1923.98,3.34124
1923.98,3.330636
1923.98,3.330636
1923.98,3.316584
1923.98,3.334162
1923.98,3.330636
1923.98,3.32717
1923.98,3.330636
1923.98,3.344692
1923.98,3.344692
1923.98,3.330636
1924.11,3.330636
1924.35,3.677647
1924.59,3.1869
1924.84,3.651362
1925.03,3.139821
1925.03,3.215484
1925.03,3.320414
1925.03,3.331238
1925.03,3.334513
1925.03,3.334513
1925.03,3.334513
1925.03,3.331238
1925.03,3.317125
1925.03,3.331238
1925.03,3.323762
1925.3,3.320414
1925.5,4.231051
1925.5,3.345355
1925.5,3.331238
1925.5,3.342153
1925.5,3.345355
1925.5,3.345355
1925.5,3.331238
1925.5,3.313895
1925.57,3.345355
1925.82,3.829415
1925.99,3.493
1925.99,3.304565
1925.99,3.324866
1925.99,3.304565
1925.99,3.321769
1925.99,3.301575
1925.99,3.324866
1925.99,3.315755
1925.99,3.332902
1925.99,3.318732
1925.99,3.321769
1925.99,3.321769
1925.99,3.324866
1926.06,3.347075
1926.42,3.325839
1926.54,3.748955
1926.54,3.312838
1926.54,3.309981
1926.54,3.309981
1926.54,3.312838
1926.54,3.284455
1926.54,3.312838
1926.54,3.312838
1926.63,3.312838
1926.77,3.368114
1927.01,3.566012
1927.01,3.566012
1927.01,3.321405
1927.01,3.318681
1927.01,3.304449
1927.01,3.301774
1927.01,3.321405
1927.01,3.332914
1927.01,3.307185
1927.01,3.309981
1927.01,3.321405
1927.01,3.301774
1927.14,3.321405
1927.41,4.507217
1927.54,3.706125
1927.54,3.316017
1927.54,3.309981
1927.54,3.304449
1927.54,3.318681
1927.54,3.321405
1927.54,3.304449
1927.54,3.332914
1927.54,3.304449
1927.54,3.338399
1927.54,3.29022
1927.54,3.318681
1927.54,3.304449
1927.54,3.307185
1927.56,3.318681
1927.73,3.332914
1927.9,3.68372
1928,3.669396
1928,3.318681
1928,3.318681
1928,3.304449
1928,3.318681
1928,3.316017
1928,3.335627
1928,3.301774
1928,3.332914
1928,3.29022
1928,3.307185
1928,3.301774
1928.01,3.318681
1928.14,3.301774
1928.32,3.890385
1928.5,3.271498
1928.5,3.239999
1928.5,3.227776
1928.5,3.247732
1928.5,3.239999
1928.5,3.247732
1928.5,3.255511
1928.5,3.239999
1928.5,3.235538
1928.5,3.224672
1928.5,3.259945
1928.5,3.239999
1928.5,3.247732
1928.5,3.232312
1928.5,3.239999
1928.5,3.247732
1928.5,3.239999
1928.5,3.227776
1928.26,3.247732
1927.2,3.203385
1926.12,3.930082
1925.03,3.230585
1923.95,2.38856
1922.86,3.420123
1921.75,3.539145
1920.62,2.820243
1919.43,3.40717
1918.22,2.961453
1917.01,3.339424
1915.81,3.074047
1914.6,2.335053
1913.4,7.663202
1912.2,3.1232
1910.98,2.86185
1909.79,3.943442
1908.57,2.646534
1907.37,5.509616
1906.17,2.91257
1904.96,4.91319
1903.76,3.308919
1902.55,3.515644
1901.35,2.442677
1900.15,3.943981
1898.93,3.203637
1897.73,3.26813
1896.52,3.005635
1895.31,3.625225
1894.11,3.442234
1892.89,3.122998
1891.69,3.62285
1890.49,3.338232
1889.28,3.244058
1888.08,3.506019
1886.86,3.329642
1885.66,3.427699
1884.45,3.019427
1883.25,3.416647
1882.05,3.390259
1880.83,3.378715
1879.63,2.763368
1878.43,3.150251
1877.22,3.392312
1876.01,3.36107
1874.8,3.508624
1873.59,3.613187
1872.39,3.282819
1871.18,2.81849
1869.98,3.088532
1868.76,3.304518
1867.56,4.729164
1866.36,3.896494
1865.14,3.777749
1863.94,3.228702
1862.73,3.103579
1861.53,2.383383
1860.32,3.181289
1859.11,3.418297
1857.91,3.281489
1856.69,3.640166
1855.49,3.171086
1854.29,2.816574
1853.07,3.265961
1851.87,4.121315
1850.66,3.617786
1849.45,3.668064
1848.25,2.709521
1847.04,3.211207
1845.84,3.122743
1844.62,3.368626
1843.42,3.074537
1842.22,3.058093
1841,3.359341
1839.8,3.743153
1838.58,3.93572
1837.38,3.416379
1836.18,4.862241
1834.96,2.880165
1833.76,3.977046
1832.55,3.002262
1831.35,3.270422
1830.14,3.970827
1828.93,3.815678
1827.73,5.753495
1826.52,5.753048
1825.31,2.756067
1824.11,3.066086
1822.9,3.80186
1821.7,2.896507
1820.49,3.912406
1819.28,3.534056
1818.08,3.966246
1816.86,3.330715
1815.66,2.856356
1814.45,2.913699
1813.24,4.061517
1812.04,4.599095
1810.82,3.759128
1809.62,3.773594
1808.42,3.159347
1807.21,4.08039
1806,2.990824
1804.78,4.298693
1803.58,3.88106
1802.37,3.498461
1801.16,3.124038
1799.95,3.401958
1798.73,3.618952
1797.53,3.290401
1796.33,3.284093
1795.12,3.823658
1793.92,3.88358
1792.7,3.819674
1791.5,3.243346
1790.3,3.871281
1789.06,3.192451
1787.84,3.249571
1786.6,3.331242
1785.38,3.807458
1784.15,3.521937
1782.91,2.923926
1781.69,3.278902
1780.46,3.736414
1779.23,4.024174
1778,3.73709
1776.75,4.815913
1775.53,3.345017
1774.3,3.609819
1773.07,3.453029
1771.84,4.932156
1770.6,3.351222
1769.38,4.844522
1768.15,4.173688
1766.91,3.390259
1765.69,4.124067
1764.46,3.764711
1763.23,3.55532
1762.01,3.483976
1760.76,3.888763
1759.54,3.523688
1758.31,3.745936
1757.07,3.732891
1755.85,3.853278
1754.62,3.219764
1753.39,3.432066
1752.17,3.666915
1750.92,9.431093
1749.7,3.90267
1748.47,3.533469
1747.24,3.692826
1746.02,3.797195
1744.78,3.637585
1743.55,3.40458
1742.32,3.166786
1741.09,3.756835
1739.87,3.500077
1738.62,3.548439
1737.4,3.273107
1736.17,3.418877
1734.93,3.238535
1733.71,3.381651
1732.48,3.366899
1731.24,3.921138
1730.02,3.466389
1728.78,3.791985
1727.55,3.634863
1726.33,2.957674
1725.09,3.418625
1723.87,3.333285
1722.63,3.494235
1721.4,3.509302
1720.18,3.608056
1718.94,3.532724
1717.72,3.381418
1716.48,3.378666
1715.26,3.4832
1714.03,3.320432
1712.79,3.304853
1711.57,3.295108
1710.34,3.182977
1709.1,3.516374
1707.88,3.544496
1706.64,3.959537
1705.42,3.256679
1704.19,3.338075
1702.95,3.958966
1701.73,3.771002
1700.5,3.135821
1699.27,3.051727
1698.05,3.304431
1696.8,3.542823
1695.58,3.613708
1694.36,3.312869
1693.12,3.455999
1691.9,3.289346
1690.66,3.431136
1689.44,3.170777
1688.21,3.854101
1686.97,2.944882
1685.75,3.333235
1684.52,3.284556
1683.29,3.2981
1682.06,3.786669
1680.82,3.47392
1679.6,2.807583
1678.37,3.410603
1677.14,3.320432
1675.92,3.245444
1674.68,3.534402
1673.46,3.564336
1672.23,3.528443
1671,3.500077
1669.78,3.580157
1668.54,3.299789
1667.32,3.604817
1666.1,3.466452
1664.85,3.401206
1663.63,3.802386
1662.4,3.438164
1661.17,3.626217
1659.95,3.840883
1658.71,3.550663
1657.48,3.729707
1656.26,4.12996
1655.02,3.576108
1653.79,3.439941
1652.56,3.612867
1651.34,3.476374
1650.11,3.646358
1648.87,3.851659
1647.64,3.628673
1646.42,3.479289
1645.19,3.661456
1643.96,3.391872
1642.73,3.37691
1641.5,3.480037
1640.28,3.70036
1639.04,3.750381
1637.82,3.512822
1636.58,3.831255
1635.36,3.330567
1634.14,3.897117
1632.9,3.708834
1631.67,3.471816
1630.44,3.904382
1629.21,3.642502
1627.99,3.189782
1626.75,3.551932
1625.53,3.251988
1624.3,3.403289
1623.06,3.725831
1621.84,3.676089
1620.6,3.999307
1619.37,3.821586
1618.13,3.910913
1616.87,3.466523
1615.63,3.484612
1614.39,3.558119
1613.14,3.432009
1611.91,3.541063
1610.65,3.783368
1609.4,3.594704
1608.17,3.764186
1606.91,3.540547
1605.67,3.879907
1604.43,3.231922
1603.18,3.428075
1601.94,3.745089
1600.68,3.769819
1599.44,3.279166
1598.2,3.814183
1596.94,3.646246
1595.71,3.631594
1594.46,3.489886
1593.21,3.200483
1591.94,3.601769
1590.66,3.601737
1589.4,3.308543
1588.14,3.600749
1586.86,3.447334
1585.6,3.572324
1584.33,3.916135
1583.06,3.579766
1581.79,3.502543
1580.52,3.996879
1579.25,3.27598
1577.99,3.528336
1576.71,3.695839
1575.45,3.838261
1574.19,3.774811
1572.91,3.428224
1571.65,3.661804
1570.38,3.256433
1569.11,3.872982
1567.85,3.791448
1566.58,3.468235
1565.32,3.381043
1564.05,3.608231
1562.78,3.760043
1561.52,3.686222
1560.25,3.670835
1558.98,3.708525
1557.72,3.537939
1556.45,3.787266
1555.19,4.402564
1553.92,3.686151
1552.65,3.597015
1551.39,3.617324
1550.12,3.681842
1548.85,3.797063
1547.59,3.522421
1546.32,2.753138
1545.05,3.732951
1543.79,3.472816
1542.52,3.206962
1541.26,3.564802
1539.99,3.002238
1538.72,3.799687
1537.46,2.987761
1536.2,3.666989
1534.92,3.57109
1533.66,3.796626
1532.39,3.510782
1531.12,3.58949
1529.86,3.999716
1528.58,3.307084
1527.32,3.846004
1526.06,3.494765
1524.78,3.283901
1523.52,3.813485
1522.25,3.661731
1520.98,3.907408
1519.72,3.443492
1518.45,3.332914
1517.18,3.444298
1515.93,3.466922
1514.65,3.101091
1513.39,3.702685
1512.13,3.812406
1510.85,3.202171
1509.59,3.86065
1508.32,3.207073
1507.05,3.711699
1505.79,3.270413
1504.52,3.366611
1503.26,3.515617
1501.99,3.445176
1500.71,3.532551
1499.45,3.232433
1498.19,3.420528
1496.91,3.185444
1495.65,3.308466
1494.39,3.469454
1493.11,3.329868
1491.85,3.735529
1490.58,3.740963
1489.32,3.402221
1488.06,3.400907
1486.78,3.036798
1485.52,3.334487
1484.25,3.451873
1482.98,3.51326
1481.71,3.11529
1480.45,3.52444
1479.18,3.788616
1477.91,3.276573
1476.64,3.368262
1475.38,3.53273
1474.11,2.969662
1472.83,3.400518
1471.58,3.152046
1470.31,3.288871
1469.04,3.244584
1467.77,3.284364
1466.5,3.35949
1465.23,3.364377
1463.97,3.232428
1462.69,3.098441
1461.43,2.979639
1460.16,2.986514
1458.88,3.255972
1457.62,3.379628
1456.36,3.083637
1455.09,3.540547
1453.82,3.612299
1452.55,3.570507
1451.28,3.53832
1450.02,3.698001
1448.74,3.56262
1447.48,3.128209
1446.21,3.089639
1444.93,3.374557
1443.67,3.471332
1442.4,3.057939
1441.13,3.232814
1439.87,3.500357
1438.59,3.18206
1437.33,4.153373
1436.06,3.284647
1434.79,3.44997
1433.53,3.451792
1432.26,3.899973
1430.98,3.043848
1429.72,3.544947
1428.45,2.808533
1427.18,2.99746
1425.92,3.349357
1424.64,3.287036
1423.38,3.413763
1422.11,3.415817
1420.83,3.374579
1419.57,3.613097
1418.31,3.156127
1417.03,3.319403
1415.77,3.182898
1414.5,3.456358
1413.23,3.153982
1411.97,3.813628
1410.69,3.626093
1409.43,3.249995
1408.16,3.287592
1406.87,3.444962
1405.61,3.265436
1404.34,3.398626
1403.06,3.338465
1401.8,3.774468
1400.53,3.610344
1399.27,3.153611
1398,3.569743
1396.72,3.624688
1395.46,3.779375
1394.21,3.194382
1392.93,3.691936
1391.64,3.905467
1390.35,3.787134
1389.06,3.845157
1387.77,2.938862
1386.48,3.658613
1385.19,3.595389
1383.91,3.895737
1382.61,3.549203
1381.33,3.32504
1380.03,3.239415
1378.73,3.381839
1377.44,3.165079
1376.15,3.425748
1374.85,3.266852
1373.56,3.252393
1372.27,3.512807
1370.97,3.16455
1369.69,3.302711
1368.4,3.124548
1367.1,3.655252
1365.81,3.150233
1364.52,3.510049
1363.23,3.680446
1361.94,3.021707
1360.64,3.687898
1359.36,3.08974
1358.07,3.495523
1356.76,3.47392
1355.48,3.660406
1354.19,3.434058
1352.89,3.397428
1351.61,3.22536
1350.32,4.387862
1349.02,3.562118
1347.73,3.575034
1346.44,3.489643
1345.15,3.322493
1343.86,3.201739
1342.56,3.435869
1341.27,3.453075
1339.98,3.589487
1338.68,3.750804
1337.39,3.256133
1336.1,3.22848
1334.8,3.341741
1333.51,3.409049
1332.23,3.966741
1330.93,4.136631
1329.64,3.075618
1328.35,2.883043
1327.05,3.443991
1325.77,3.371861
1324.47,3.287592
1323.18,3.674555
1321.9,3.53124
1320.6,2.962747
1319.3,3.484134
1318.02,3.574492
1316.72,3.755465
1315.43,3.208677
1314.14,3.416136
1312.84,3.528684
1311.55,3.670706
1310.27,3.514517
1308.97,3.454198
1307.68,3.01118
1306.39,3.695831
1305.09,3.928936
1303.81,3.592574
1302.51,3.708682
1301.22,3.419016
1299.94,3.27678
1298.64,3.651639
1297.35,3.369482
1296.07,3.133918
1294.76,3.55625
1293.48,3.357111
1292.19,3.98127
1290.89,3.707007
1289.61,3.628335
1288.32,2.805834
1287.03,3.470995
1285.74,3.174489
1284.44,3.090445
1283.15,3.319744
1281.86,3.229682
1280.57,3.354169
1279.28,4.680448
1277.99,4.03712
1276.69,3.584606
1275.41,3.508954
1274.12,3.193514
1272.82,3.496564
1271.54,3.474736
1270.25,3.486997
1268.95,3.276986
1267.67,3.309688
1266.38,3.342139
1265.08,3.088388
1263.8,3.241378
1262.5,3.119508
1261.21,3.178872
1259.93,3.456396
1258.63,3.395104
1257.34,3.006456
1256.05,3.374676
1254.75,3.10212
1253.46,3.575727
1252.18,3.351338
1250.88,3.081711
1249.59,3.374273
1248.31,3.064322
1247,3.382407
1245.72,3.443948
1244.43,2.729974
1243.13,2.435391
1241.85,2.881385
1240.55,3.282613
1239.26,3.40109
1237.98,2.961208
1236.68,3.295589
1235.4,3.122073
1234.11,3.330002
1232.81,2.761506
1231.52,3.358903
1230.23,3.20341
1228.93,3.546295
1227.65,2.771676
1226.36,3.357664
1225.06,2.867485
1223.78,3.074441
1222.48,3.022396
1221.19,3.219643
1219.9,3.272894
1218.61,2.962391
1217.32,3.403754
1216.04,3.030863
1214.73,3.035196
1213.45,3.251416
1212.16,2.770015
1210.86,3.576459
1209.57,2.803034
1208.29,2.838066
1206.98,2.833782
1205.7,3.309052
1204.41,2.813039
1203.11,3.060928
1201.82,3.032454
1200.52,3.018222
1199.23,3.065363
1197.95,2.78302
1196.64,2.958731
1195.35,2.897436
1194.07,3.486712
1192.76,2.85718
1191.48,2.917445
1190.19,2.896001
1188.89,2.980956
1187.58,2.482695
1186.27,2.716865
1184.94,2.693133
1183.64,2.986338
1182.32,2.715482
1181,2.537764
1179.69,2.398425
1178.38,3.210948
1177.05,2.684241
1175.74,3.015832
1174.43,2.856976
1173.11,3.047664
1171.8,3.143161
1170.48,2.742718
1169.16,2.585529
1167.85,3.239008
1166.53,2.542404
1165.22,2.943145
1163.91,2.61335
1162.59,2.188727
1161.28,2.631516
1159.96,2.510195
1158.64,2.335762
1157.33,2.767336
1156.03,2.621454
1154.7,2.805363
1153.39,2.492971
1152.08,2.835979
1150.76,2.686786
1149.45,2.673641
1148.14,2.794201
1146.81,2.758165
1145.5,2.290933
1144.2,3.145248
1142.87,2.767938
1141.56,2.401126
1140.25,2.510921
1138.92,2.100841
1137.62,2.20171
1136.3,2.744077
1134.99,2.44154
1133.68,2.345759
1132.37,2.798951
1131.04,2.362972
1129.73,3.104212
1128.42,2.500456
1127.1,2.79287
1125.79,2.633905
1124.47,2.813428
1123.16,2.776038
1121.85,2.652023
1120.53,2.731599
1119.22,2.205506
1117.9,2.665218
1116.58,2.338132
1115.27,2.454927
1113.96,3.029009
1112.64,2.248252
1111.33,2.51826
1110.02,2.552921
1108.69,2.327707
1107.38,2.510245
1106.07,2.286735
1104.75,2.542292
1103.45,2.839018
1102.14,2.438472
1100.81,2.003962
1099.5,2.345332
1098.19,2.048258
1096.87,2.116115
1095.56,2.327489
1094.25,2.268468
1092.92,2.033339
1091.61,2.40389
1090.3,2.18055
1088.98,2.403724
1087.67,2.482115
1086.36,2.250427
1085.03,2.586009
1083.72,2.567326
1082.41,2.764754
1081.09,2.126468
1079.78,2.461291
1078.47,2.575729
1077.15,2.356629
1075.84,2.096467
1074.52,2.185747
1073.2,2.553727
1071.9,2.323944
1070.57,2.035078
1069.26,2.144782
1067.95,2.766697
1066.62,2.359764
1065.31,2.239821
1064,2.023779
1062.68,2.331252
1061.37,2.450079
1060.06,2.276046
1058.73,2.361486
1057.42,2.348047
1056.11,3.116855
1054.78,2.638405
1053.47,2.264235
1052.16,2.292076
1050.83,2.503241
1049.52,2.119917
1048.21,2.012469
1046.88,1.898539
1045.58,2.692408
1044.26,2.493644
1042.94,2.184302
1041.63,2.372627
1040.31,2.269066
1038.99,2.679742
1037.68,2.042587
1036.36,2.32933
1035.04,2.559622
1033.73,2.340945
1032.41,2.650044
1031.09,2.023466
1029.78,2.314219
1028.46,2.334047
1027.14,1.73146
1025.83,2.404979
1024.51,2.123863
1023.19,2.254386
1021.88,2.215584
1020.56,2.127556
1019.25,1.933816
1017.94,2.258475
1016.61,2.368348
1015.3,2.46119
1013.99,2.15229
1012.67,2.07039
1011.35,2.417453
1010.04,2.519316
1008.72,2.148618
1007.41,1.962533
1006.1,2.742032
1004.76,2.456528
1003.46,2.540551
1002.15,2.368801
1000.81,2.472808
999.4999,2.164933
998.1899,1.949572
996.86,2.436881
995.55,2.10757
994.24,2.256432
992.91,2.0207
991.6,1.99396
990.29,1.848279
988.96,2.19084
987.66,1.773716
986.34,2.548811
985.02,2.313365
983.71,2.254807
982.4,2.131205
981.08,2.352906
979.7599,2.33259
978.42,2.530124
977.08,2.264713
975.7499,2.578914
974.41,2.162249
973.0699,2.305977
971.74,2.185388
970.4,2.625522
969.06,2.214656
967.73,2.806515
966.39,2.156612
965.04,2.175047
963.7,2.262911
962.37,2.393655
961.02,2.521568
959.68,2.47009
958.35,2.434878
957,2.65971
955.66,2.55283
954.33,2.734405
952.98,2.287337
951.64,2.55218
950.31,2.38181
948.96,2.697847
947.6299,2.72012
946.29,2.361105
944.9399,2.440473
943.61,2.311539
942.27,2.444496
940.93,2.546943
939.59,2.47962
938.2499,2.428139
936.9,2.266315
935.5699,2.768181
934.24,2.492948
932.89,2.031886
931.55,2.941505
930.22,2.446599
928.87,2.949417
927.54,2.420922
926.2,2.569926
924.85,2.29296
923.52,1.613964
922.18,2.07388
920.83,2.36017
919.4999,2.967341
918.16,2.414278
916.81,2.010034
915.48,1.941298
914.14,2.248917
912.79,2.614042
911.46,2.471206
910.12,2.405836
908.77,2.468781
907.4399,1.977729
906.11,2.266631
904.7599,2.710038
903.42,2.435585
902.09,2.283457
900.74,2.764798
899.4,2.391917
898.0699,3.021306
896.71,2.092592
895.3799,2.423165
894.05,2.25002
892.7,2.720458
891.36,2.47129
890.03,2.040937
888.68,2.775537
887.34,2.865154
886.0099,2.564439
884.66,2.734004
883.33,3.102702
882,2.877511
880.65,3.101017
879.3199,3.017816
877.98,3.065126
876.64,3.111507
875.3,2.957275
873.97,2.922804
872.62,2.948413
871.29,3.640332
869.95,3.851744
868.6,3.123804
867.27,3.231935
865.9399,3.770144
864.59,3.459575
863.2499,3.94147
861.92,3.522363
860.58,3.682823
859.24,3.815804
857.91,4.149718
856.56,4.596549
855.23,4.479523
853.89,4.063556
852.55,4.165831
851.21,4.583921
849.8799,4.371627
848.54,4.336946
847.2,4.310423
845.86,4.213864
844.52,4.253608
843.18,4.114355
841.85,4.49937
840.4999,4.417998
839.16,4.087496
837.83,4.305607
836.49,4.074112
835.15,4.293034
833.81,4.311897
832.47,4.052483
831.1299,4.251355
829.8,4.520284
828.46,4.013264
827.12,3.969251
825.78,4.304488
824.4399,4.552556
823.1,4.084578
821.77,4.559911
820.43,3.707535
818.95,4.124906
817.2499,5.204219
815.54,4.772762
813.83,4.280783
812.14,3.957398
810.42,3.582087
808.7,4.393821
807,4.491005
805.29,4.673544
803.59,5.237135
801.89,4.617429
800.18,4.757343
798.46,4.724439
796.73,5.216595
795.0099,4.720772
793.3,4.040469
791.6,4.785376
789.89,4.821945
788.1899,4.089201
786.47,3.888628
784.7599,4.822923
783.05,3.526478
781.35,4.05859
779.6299,4.156103
777.93,3.388333
776.22,4.313596
774.5099,4.135571
772.79,4.01828
771.08,3.418581
769.3799,4.257415
767.66,3.70508
765.92,3.26825
764.18,3.17331
762.4399,3.448743
760.7,3.264156
758.96,2.986879
757.22,3.3128
755.49,3.010662
753.7499,4.054007
752.0099,3.421006
750.27,2.811586
748.53,3.360817
746.78,3.394221
745.05,0.7317382
743.31,2.483525
741.58,2.702725
739.84,2.899267
738.1,2.668091
736.36,2.458124
734.62,2.384892
732.8799,2.342722
731.15,2.686249
729.41,2.939537
727.68,2.30164
725.9399,2.701676
724.21,2.778075
722.46,2.170864
720.72,2.831202
718.99,2.856597
717.2499,2.457289
715.5099,2.586759
713.78,3.079791
712.05,2.864261
710.3,2.655857
708.56,2.781676
706.8199,2.669639
705.09,2.911593
703.35,2.804289
701.61,3.197961
699.8799,2.825624
698.14,2.838702
696.4,2.935193
694.65,2.868393
692.92,3.304431
691.1899,2.264359
689.45,3.244206
687.72,2.859889
685.98,3.039933
684.24,2.935097
682.4999,3.036766
680.7499,3.063537
679.0099,3.237607
677.29,3.042524
675.55,3.193745
673.81,3.045857
672.08,3.53748
670.34,3.374364
668.59,3.805004
666.85,4.256625
665.12,3.322679
663.39,3.194382
661.65,3.221216
659.91,3.5096
658.18,3.005852
656.43,3.295144
654.6899,3.187056
652.95,2.980956
651.21,3.245139
649.48,3.459529
647.74,3.609865
646.0099,4.005864
644.27,2.991436
642.52,3.860243
640.78,3.147988
639.04,3.842164
637.31,3.620707
635.5699,3.669257
633.83,3.457983
632.09,3.724932
630.35,3.742305
628.6,3.732477
626.86,3.95017
625.12,3.343902
623.39,4.130714
621.64,3.83536
619.91,3.722111
618.18,4.591472
616.43,3.862961
614.68,4.042572
612.9399,4.08891
611.2,4.58238
609.46,4.649069
607.73,4.186109
605.99,4.973823
604.2499,4.752441
602.4999,5.083589
600.7499,5.012797
599.0099,5.088968
597.28,4.50408
595.54,4.64012
593.8,4.448145
592.0699,4.743195
590.33,4.504078
588.58,4.926435
586.84,5.557096
585.1,5.521362
583.37,5.857406
581.6299,5.558654
579.89,5.110812
578.15,4.919189
576.41,5.001601
574.66,5.284167
572.92,5.404487
571.18,5.321262
569.4399,5.913825
567.6899,5.265358
565.96,5.302598
564.23,5.920346
562.48,6.079534
560.74,5.630606
559,5.777669
557.27,5.195805
555.53,5.960533
553.8,5.326714
552.06,5.72712
550.29,5.387743
548.52,5.402944
546.74,5.58283
544.98,5.027346
543.22,5.955834
541.45,5.431086
539.6899,5.310959
537.93,5.293212
536.15,4.803645
534.3799,5.934012
532.6,5.658476
530.83,5.491239
529.06,5.822624
527.29,5.513155
525.53,5.507385
523.7599,5.855341
521.99,5.599142
520.22,5.090592
518.45,5.039728
516.68,5.019558
514.9,5.032361
513.14,5.379887
511.37,5.105062
509.6,5.246882
507.83,5.059701
506.07,5.074801
504.29,5.007487
502.52,4.748568
500.74,4.941429
498.97,4.773673
497.21,4.949599
495.44,4.356335
493.67,4.542423
491.9,4.77682
490.13,3.387912
488.36,4.842922
486.58,4.893757
484.81,5.013954
483.04,4.95596
481.28,4.811922
479.51,5.368012
477.74,4.90027
475.97,4.85834
474.2,5.283768
472.42,4.986538
470.65,4.94749
468.88,4.747084
467.11,4.805264
465.34,5.257331
463.57,4.605246
461.81,4.930837
460.04,4.820746
458.27,5.197478
456.5,4.955662
454.72,5.114878
452.96,5.056809
451.19,4.727388
449.43,4.906945
447.66,4.910021
445.89,4.858283
444.12,4.554254
442.35,4.88827
440.58,4.956371
438.8,4.844611
437.04,4.375455
435.28,4.452495
433.51,3.789595
431.74,4.755195
429.98,4.679929
428.21,4.921902
426.44,4.64419
424.66,4.006401
422.89,4.29907
421.13,5.056698
419.36,4.770167
417.59,4.173908
415.82,4.455582
414.06,4.303851
412.29,4.171774
410.51,4.89017
408.74,4.759678
406.97,4.427296
405.21,4.087052
403.45,4.615575
401.68,3.920355
399.91,4.361724
398.14,4.632756
396.37,4.303674
394.6,4.481095
392.83,4.249786
391.06,4.690521
389.3,3.990602
387.53,4.037273
385.76,4.205708
383.99,4.548431
382.22,4.402933
380.45,3.356266
378.67,3.84733
376.9,4.32295
375.14,4.39914
373.38,3.840239
371.6,4.33746
369.84,4.039305
368.07,4.660272
366.3,3.263052
364.53,4.220256
362.75,4.377313
360.99,4.612803
359.22,3.743872
357.45,4.413793
355.68,3.545083
353.92,3.834069
352.15,3.83793
350.38,4.187987
348.6,3.904619
346.83,4.367309
345.05,4.541203
343.29,3.716421
341.52,4.290469
339.75,4.30904
337.98,3.76751
336.21,3.804353
334.44,3.275026
332.65,4.128618
330.85,3.624334
329.05,3.847222
327.26,4.147741
325.46,3.803372
323.66,3.139714
321.86,3.695961
320.06,3.080207
318.26,3.142502
316.45,3.571992
314.65,2.792952
312.84,3.526052
311.05,2.909696
309.25,3.274804
307.45,3.159928
305.65,3.961208
303.85,3.458367
302.06,3.013728
300.26,3.129902
298.46,4.391954
296.66,3.447424
294.85,3.802506
293.05,3.086084
291.26,3.069224
289.47,3.036069
287.66,3.610142
285.86,3.600885
284.07,3.043955
282.27,3.219641
280.46,4.184955
278.66,3.681824
276.86,2.60361
275.06,3.599936
273.27,3.58559
271.47,3.332715
269.67,3.695831
267.87,3.693214
266.08,3.456202
264.28,3.730267
262.47,3.436626
260.67,3.438503
258.87,3.288067
257.07,3.539218
255.28,4.14487
253.48,3.531898
251.68,3.399779
249.88,3.803416
248.09,2.568122
246.28,3.662244
244.48,3.631314
242.67,3.525837
240.88,4.054416
239.08,3.781922
237.29,2.744696
235.48,3.371654
233.69,3.35482
231.89,3.357395
230.1,3.568979
228.3,3.544373
226.49,2.454412
224.69,3.128795
222.89,3.909559
221.1,3.791791
219.3,3.219035
217.5,3.473008
215.7,3.816575
213.9,3.126737
212.1,3.107935
210.3,3.651774
208.5,3.408765
206.69,3.19369
204.89,3.089715
203.1,3.059531
201.3,3.207949
199.5,3.783776
197.69,2.735608
195.89,3.340687
194.1,3.696809
192.29,2.677247
190.48,3.576049
188.67,3.305288
186.86,3.686536
185.06,3.579576
183.25,3.827702
181.45,2.907016
179.64,3.360875
177.84,3.401666
176.04,2.481204
174.23,2.452462
172.42,3.608869
170.61,3.596985
168.8,3.407036
167,3.740341
165.19,2.521425
163.39,3.06912
161.59,3.077731
159.78,2.835915
157.98,3.266118
156.18,3.985971
154.37,3.216812
152.56,2.656218
150.75,2.957684
148.95,3.291489
147.15,3.587039
145.35,3.618015
143.55,4.163328
141.75,4.196537
139.95,4.24052
138.15,3.538184
136.35,3.217047
134.54,3.579166
132.74,3.174916
130.93,3.200483
129.14,2.745399
127.33,3.487208
125.5,3.377437
123.69,3.548693
121.86,3.172562
120.04,2.364171
118.21,3.677996
116.38,3.609819
114.55,3.549125
112.71,3.321384
110.89,3.561493
109.05,3.287036
107.2,3.641198
105.34,2.602589
103.49,3.116972
101.63,3.964478
99.77,3.418084
97.91,3.542263
96.06,2.439708
94.21,2.913094
92.34,3.631936
90.48,3.098495
88.62,3.605623
86.74999,4.099017
84.88,3.277365
83.02,3.355811
81.17,3.495654
79.31,2.889629
77.45,2.677436
75.59,2.975492
73.71999,3.0923
71.88,3.239562
70.00999,3.075725
68.14999,2.770015
66.28999,2.387414
64.42999,2.558758
62.56,3.049087
60.7,2.960258
58.84,2.006478
56.98,3.836188
55.11,0.8576707
53.26,1.440388
51.4,2.189704
49.53,2.08661
47.67,2.603966
45.81,1.827795
43.95,2.103479
42.09,1.700305
40.23,1.776253
38.37,1.699133
36.5,1.608555
34.64,1.555441
32.78,1.630359
30.91,1.226296
29.06,1.258997
27.2,0.8122763
25.34,0.5570989
23.49,0.801651
21.73,0.6232375
20.79,0.6023324
19.94,0.6678666
19.08,0.3268647
18.24,0.4796103
17.39,0.2374094
16.53,0.3309151
15.68,0.1312081
14.83,0.2692687
13.99,0.129531
13.13,0.1512456
12.29,0.1792023
11.44,0.2611421
10.59,0.2624162
9.74,0.190574
8.889999,0.5029356
8.059999,0.5051937
7.2,0.07237805
6.37,0.4209734
5.58,0.1044002
4.86,0.17427
4.13,0.1742135
3.27,0.2609998
2.41,0.285584
1.54,0.3368559
0.67,0.6607158
